0.000000		10816.757112		295.000000
0.000005		10748.896623		879.907546
0.000010		10682.302086		1151.713724
0.000015		10616.932397		1380.820602
0.000020		10552.757503		1588.018654
0.000025		10489.738848		1780.673866
0.000030		10427.840630		1962.326809
0.000035		10367.036675		2134.973470
0.000040		10307.288086		2299.885716
0.000045		10248.570068		2457.918438
0.000050		10190.851171		2609.697672
0.000055		10134.099525		2755.701547
0.000060		10078.294171		2896.298899
0.000065		10023.399232		3031.806719
0.000070		9969.398545		3162.474419
0.000075		9916.256804		3288.535239
0.000080		9863.959295		3410.176407
0.000085		9812.473233		3527.581962
0.000090		9761.784564		3640.902997
0.000095		9711.862900		3750.292753
0.000100		9662.695622		3855.878718
0.000105		9614.253534		3957.794453
0.000110		9566.526775		4056.150256
0.000115		9519.486063		4151.066991
0.000120		9473.125122		4242.641704
0.000125		9427.414299		4330.986415
0.000130		9382.350157		4416.188474
0.000135		9337.904454		4498.351955
0.000140		9294.073169		4577.559065
0.000145		9250.834463		4653.903675
0.000150		9208.177265		4727.468864
0.000155		9166.093130		4798.334275
0.000160		9124.559865		4866.587434
0.000165		9083.579111		4932.297112
0.000170		9043.126186		4995.549298
0.000175		9003.199876		5056.411637
0.000180		8963.789424		5114.957422
0.000185		8924.878051		5171.262151
0.000190		8886.469826		5225.386168
0.000195		8848.542612		5277.405923
0.000200		8811.095007		5327.382539
0.000205		8774.124447		5375.377099
0.000210		8737.610419		5421.460467
0.000215		8701.558253		5465.685876
0.000220		8665.957701		5508.115348
0.000225		8630.795320		5548.811061
0.000230		8596.077880		5587.821881
0.000235		8561.790222		5625.208717
0.000240		8527.924799		5661.026184
0.000245		8494.487983		5695.319838
0.000250		8461.463655		5728.147039
0.000255		8428.846017		5759.557508
0.000260		8396.641422		5789.593206
0.000265		8364.835630		5818.306431
0.000270		8333.421011		5845.744111
0.000275		8302.403691		5871.944715
0.000280		8271.775328		5896.953512
0.000285		8241.522523		5920.816795
0.000290		8211.650815		5943.569765
0.000295		8182.159665		5965.249970
0.000300		8153.030423		5985.902822
0.000305		8124.265697		6005.561550
0.000310		8095.870033		6024.257648
0.000315		8067.828665		6042.031172
0.000320		8040.134818		6058.916723
0.000325		8012.792835		6074.942565
0.000330		7985.802671		6090.138338
0.000335		7959.145965		6104.541232
0.000340		7932.823217		6118.178219
0.000345		7906.838012		6131.074111
0.000350		7881.186039		6143.256654
0.000355		7855.850817		6154.758001
0.000360		7830.834459		6165.600740
0.000365		7806.139844		6175.806490
0.000370		7781.762061		6185.399694
0.000375		7757.685156		6194.408633
0.000380		7733.910748		6202.852852
0.000385		7710.441087		6210.751057
0.000390		7687.274346		6218.123158
0.000395		7664.393445		6224.994781
0.000400		7641.797715		6231.383550
0.000405		7619.488868		6237.305549
0.000410		7597.468261		6242.776524
0.000415		7575.722842		6247.817692
0.000420		7554.244637		6252.447218
0.000425		7533.034909		6256.678848
0.000430		7512.094754		6260.525979
0.000435		7491.423153		6264.002452
0.000440		7471.004318		6267.127547
0.000445		7450.835322		6269.914545
0.000450		7430.916922		6272.374823
0.000455		7411.249731		6274.519463
0.000460		7391.832360		6276.359999
0.000465		7372.649723		6277.912925
0.000470		7353.698819		6279.189275
0.000475		7334.980023		6280.198407
0.000480		7316.493589		6280.949434
0.000485		7298.239563		6281.451262
0.000490		7280.206659		6281.716897
0.000495		7262.387154		6281.757377
0.000500		7244.781148		6281.580350
0.000505		7227.388642		6281.193263
0.000510		7210.209542		6280.603366
0.000515		7193.242239		6279.818266
0.000520		7176.473391		6278.849749
0.000525		7159.899694		6277.705287
0.000530		7143.520982		6276.390925
0.000535		7127.337012		6274.912553
0.000540		7111.347466		6273.275903
0.000545		7095.551299		6271.486804
0.000550		7079.936685		6269.554949
0.000555		7064.499151		6267.486844
0.000560		7049.238370		6265.287232
0.000565		7034.153954		6262.960736
0.000570		7019.245457		6260.511858
0.000575		7004.512375		6257.944983
0.000580		6989.950623		6255.265711
0.000585		6975.549180		6252.482003
0.000590		6961.306926		6249.597817
0.000595		6947.223404		6246.616750
0.000600		6933.298109		6243.542308
0.000605		6919.530496		6240.377906
0.000610		6905.919976		6237.126871
0.000615		6892.463818		6233.793242
0.000620		6879.151492		6230.383816
0.000625		6865.981230		6226.901852
0.000630		6852.952523		6223.350048
0.000635		6840.064827		6219.731032
0.000640		6827.317567		6216.047370
0.000645		6814.710138		6212.301561
0.000650		6802.241902		6208.496042
0.000655		6789.908189		6204.634713
0.000660		6777.700674		6200.722678
0.000665		6765.618649		6196.762002
0.000670		6753.661582		6192.754628
0.000675		6741.828913		6188.702452
0.000680		6730.120065		6184.607324
0.000685		6718.534435		6180.471049
0.000690		6707.071400		6176.295389
0.000695		6695.729557		6172.082358
0.000700		6684.500457		6167.836595
0.000705		6673.381527		6163.560314
0.000710		6662.372254		6159.254884
0.000715		6651.472112		6154.921642
0.000720		6640.680557		6150.561895
0.000725		6629.997030		6146.176917
0.000730		6619.420957		6141.767954
0.000735		6608.951752		6137.336223
0.000740		6598.588725		6132.882948
0.000745		6588.325453		6128.411563
0.000750		6578.157929		6123.924416
0.000755		6568.085682		6119.422416
0.000760		6558.108224		6114.906452
0.000765		6548.225062		6110.377391
0.000770		6538.435688		6105.836085
0.000775		6528.739587		6101.283362
0.000780		6519.136234		6096.720035
0.000785		6509.625094		6092.146898
0.000790		6500.205624		6087.564729
0.000795		6490.873320		6082.975884
0.000800		6481.623407		6078.382727
0.000805		6472.455458		6073.785812
0.000810		6463.369042		6069.185682
0.000815		6454.363721		6064.582868
0.000820		6445.439049		6059.977888
0.000825		6436.594575		6055.371252
0.000830		6427.829841		6050.763458
0.000835		6419.144383		6046.154993
0.000840		6410.537732		6041.546336
0.000845		6402.009413		6036.937957
0.000850		6393.556847		6032.331196
0.000855		6385.174700		6027.728482
0.000860		6376.862403		6023.130193
0.000865		6368.619585		6018.536611
0.000870		6360.445870		6013.948016
0.000875		6352.340878		6009.364682
0.000880		6344.304223		6004.786877
0.000885		6336.335518		6000.214864
0.000890		6328.434370		5995.648901
0.000895		6320.600383		5991.089244
0.000900		6312.833159		5986.536142
0.000905		6305.132294		5981.989840
0.000910		6297.497045		5977.450731
0.000915		6289.922527		5972.920999
0.000920		6282.407014		5968.401376
0.000925		6274.950198		5963.891959
0.000930		6267.551766		5959.392849
0.000935		6260.211402		5954.904141
0.000940		6252.928788		5950.425932
0.000945		6245.703604		5945.958314
0.000950		6238.535526		5941.501382
0.000955		6231.424228		5937.055227
0.000960		6224.369383		5932.619941
0.000965		6217.370662		5928.195615
0.000970		6210.427732		5923.782338
0.000975		6203.540261		5919.380200
0.000980		6196.707288		5914.989581
0.000985		6189.924485		5910.612391
0.000990		6183.190880		5906.248940
0.000995		6176.506220		5901.899199
0.001000		6169.870252		5897.563146
0.001005		6163.282720		5893.240754
0.001010		6156.743366		5888.932001
0.001015		6150.251930		5884.636866
0.001020		6143.808152		5880.355328
0.001025		6137.411769		5876.087366
0.001030		6131.062517		5871.832965
0.001035		6124.760132		5867.592106
0.001040		6118.504347		5863.364777
0.001045		6112.294896		5859.150963
0.001050		6106.131509		5854.950654
0.001055		6100.013920		5850.763841
0.001060		6093.939587		5846.591624
0.001065		6087.905998		5842.435052
0.001070		6081.912955		5838.294016
0.001075		6075.960257		5834.168415
0.001080		6070.047703		5830.058148
0.001085		6064.175091		5825.963116
0.001090		6058.342216		5821.883224
0.001095		6052.548875		5817.818379
0.001100		6046.794861		5813.768490
0.001105		6041.079968		5809.733471
0.001110		6035.403988		5805.713235
0.001115		6029.766712		5801.707702
0.001120		6024.167932		5797.716792
0.001125		6018.607439		5793.740429
0.001130		6013.085021		5789.778538
0.001135		6007.600469		5785.831049
0.001140		6002.153570		5781.897894
0.001145		5996.743413		5777.979375
0.001150		5991.366953		5774.076893
0.001155		5986.023731		5770.190458
0.001160		5980.713595		5766.319926
0.001165		5975.436390		5762.465154
0.001170		5970.191961		5758.626003
0.001175		5964.980151		5754.802335
0.001180		5959.800804		5750.994020
0.001185		5954.653762		5747.200926
0.001190		5949.538866		5743.422927
0.001195		5944.455957		5739.659900
0.001200		5939.404877		5735.911725
0.001205		5934.385464		5732.178286
0.001210		5929.397559		5728.459470
0.001215		5924.440999		5724.755166
0.001220		5919.515625		5721.065268
0.001225		5914.621273		5717.389673
0.001230		5909.757782		5713.728281
0.001235		5904.924991		5710.080993
0.001240		5900.122735		5706.447717
0.001245		5895.349318		5702.829224
0.001250		5890.602910		5699.226333
0.001255		5885.883396		5695.638881
0.001260		5881.190661		5692.066707
0.001265		5876.524589		5688.509657
0.001270		5871.885063		5684.967576
0.001275		5867.271966		5681.440316
0.001280		5862.685180		5677.927729
0.001285		5858.124587		5674.429674
0.001290		5853.590067		5670.946010
0.001295		5849.081501		5667.476602
0.001300		5844.598769		5664.021318
0.001305		5840.141750		5660.580026
0.001310		5835.710325		5657.152603
0.001315		5831.304372		5653.738925
0.001320		5826.923769		5650.338874
0.001325		5822.568395		5646.952332
0.001330		5818.238128		5643.579188
0.001335		5813.932847		5640.219331
0.001340		5809.652428		5636.872655
0.001345		5805.396749		5633.539056
0.001350		5801.165688		5630.218434
0.001355		5796.958417		5626.911121
0.001360		5792.772947		5623.618141
0.001365		5788.609091		5620.339397
0.001370		5784.466766		5617.074731
0.001375		5780.345886		5613.823990
0.001380		5776.246367		5610.587022
0.001385		5772.168123		5607.363681
0.001390		5768.111067		5604.153820
0.001395		5764.075112		5600.957299
0.001400		5760.060172		5597.773980
0.001405		5756.066159		5594.603726
0.001410		5752.092983		5591.446407
0.001415		5748.140558		5588.301893
0.001420		5744.208794		5585.170059
0.001425		5740.297603		5582.050782
0.001430		5736.406894		5578.943943
0.001435		5732.536579		5575.849426
0.001440		5728.686567		5572.767117
0.001445		5724.856768		5569.696906
0.001450		5721.047092		5566.638686
0.001455		5717.257449		5563.592350
0.001460		5713.487749		5560.557799
0.001465		5709.737899		5557.534931
0.001470		5706.007811		5554.523652
0.001475		5702.297392		5551.523866
0.001480		5698.606392		5548.535588
0.001485		5694.933095		5545.559802
0.001490		5691.277008		5542.596652
0.001495		5687.638072		5539.645993
0.001500		5684.016227		5536.707686
0.001505		5680.411412		5533.781592
0.001510		5676.823565		5530.867576
0.001515		5673.252626		5527.965505
0.001520		5669.698530		5525.075248
0.001525		5666.161217		5522.196679
0.001530		5662.640623		5519.329673
0.001535		5659.136685		5516.474110
0.001540		5655.649339		5513.629869
0.001545		5652.178521		5510.796836
0.001550		5648.724167		5507.974896
0.001555		5645.286212		5505.163941
0.001560		5641.864592		5502.363861
0.001565		5638.459241		5499.574552
0.001570		5635.070095		5496.795911
0.001575		5631.697088		5494.027838
0.001580		5628.340154		5491.270236
0.001585		5624.999228		5488.523010
0.001590		5621.674244		5485.786067
0.001595		5618.365136		5483.059316
0.001600		5615.071837		5480.342671
0.001605		5611.794282		5477.636045
0.001610		5608.532404		5474.939355
0.001615		5605.286136		5472.252519
0.001620		5602.055412		5469.575458
0.001625		5598.840047		5466.908182
0.001630		5595.638652		5464.251568
0.001635		5592.450812		5461.605767
0.001640		5589.276486		5458.970653
0.001645		5586.115632		5456.346107
0.001650		5582.968208		5453.732009
0.001655		5579.834170		5451.128243
0.001660		5576.713475		5448.534694
0.001665		5573.606079		5445.951251
0.001670		5570.511939		5443.377803
0.001675		5567.431010		5440.814244
0.001680		5564.363248		5438.260469
0.001685		5561.308607		5435.716375
0.001690		5558.267042		5433.181862
0.001695		5555.238507		5430.656831
0.001700		5552.222957		5428.141188
0.001705		5549.220347		5425.634839
0.001710		5546.230628		5423.137693
0.001715		5543.253756		5420.649660
0.001720		5540.289684		5418.170655
0.001725		5537.338365		5415.700591
0.001730		5534.399751		5413.239388
0.001735		5531.473796		5410.786963
0.001740		5528.560453		5408.343239
0.001745		5525.659674		5405.908139
0.001750		5522.771412		5403.481587
0.001755		5519.895620		5401.063512
0.001760		5517.032249		5398.653841
0.001765		5514.181251		5396.252506
0.001770		5511.342580		5393.859439
0.001775		5508.516186		5391.474574
0.001780		5505.702023		5389.097846
0.001785		5502.900041		5386.729193
0.001790		5500.110193		5384.368553
0.001795		5497.331753		5382.016408
0.001800		5494.563892		5379.673301
0.001805		5491.806584		5377.339129
0.001810		5489.059797		5375.013792
0.001815		5486.323505		5372.697193
0.001820		5483.597678		5370.389234
0.001825		5480.882285		5368.089819
0.001830		5478.177298		5365.798857
0.001835		5475.482686		5363.516255
0.001840		5472.798419		5361.241925
0.001845		5470.124465		5358.975778
0.001850		5467.460794		5356.717729
0.001855		5464.807374		5354.467694
0.001860		5462.164174		5352.225593
0.001865		5459.531162		5349.991343
0.001870		5456.908306		5347.764868
0.001875		5454.295574		5345.546092
0.001880		5451.692934		5343.334939
0.001885		5449.100352		5341.131336
0.001890		5446.517797		5338.935214
0.001895		5443.945236		5336.746502
0.001900		5441.382635		5334.565133
0.001905		5438.829961		5332.391041
0.001910		5436.287182		5330.224161
0.001915		5433.754263		5328.064430
0.001920		5431.231171		5325.911787
0.001925		5428.717873		5323.766172
0.001930		5426.214335		5321.627527
0.001935		5423.720523		5319.495794
0.001940		5421.236404		5317.370919
0.001945		5418.761942		5315.252845
0.001950		5416.297105		5313.141521
0.001955		5413.841858		5311.036895
0.001960		5411.396166		5308.938917
0.001965		5408.959997		5306.847536
0.001970		5406.533315		5304.762705
0.001975		5404.116086		5302.684378
0.001980		5401.708276		5300.612507
0.001985		5399.309801		5298.547093
0.001990		5396.919797		5296.488817
0.001995		5394.537942		5294.437866
0.002000		5392.164219		5292.394157
0.002005		5389.798608		5290.357612
0.002010		5387.441091		5288.328153
0.002015		5385.091648		5286.305702
0.002020		5382.750259		5284.290184
0.002025		5380.416903		5282.281525
0.002030		5378.091561		5280.279652
0.002035		5375.774212		5278.284495
0.002040		5373.464836		5276.295983
0.002045		5371.163410		5274.314050
0.002050		5368.869913		5272.338628
0.002055		5366.584325		5270.369652
0.002060		5364.306624		5268.407058
0.002065		5362.036787		5266.450785
0.002070		5359.774793		5264.500771
0.002075		5357.520620		5262.556958
0.002080		5355.274245		5260.619287
0.002085		5353.035645		5258.687702
0.002090		5350.804799		5256.762147
0.002095		5348.581683		5254.842568
0.002100		5346.366274		5252.928913
0.002105		5344.158551		5251.021130
0.002110		5341.958488		5249.119170
0.002115		5339.766064		5247.222982
0.002120		5337.581255		5245.332519
0.002125		5335.404038		5243.447735
0.002130		5333.234388		5241.568583
0.002135		5331.072283		5239.695020
0.002140		5328.917700		5237.827001
0.002145		5326.770613		5235.964484
0.002150		5324.631000		5234.107429
0.002155		5322.498836		5232.255793
0.002160		5320.374099		5230.409538
0.002165		5318.256763		5228.568626
0.002170		5316.146804		5226.733018
0.002175		5314.044200		5224.902679
0.002180		5311.948925		5223.077571
0.002185		5309.860956		5221.257660
0.002190		5307.780268		5219.442912
0.002195		5305.706837		5217.633293
0.002200		5303.640639		5215.828771
0.002205		5301.581650		5214.029313
0.002210		5299.529821		5212.234913
0.002215		5297.484493		5210.446153
0.002220		5295.445374		5208.663246
0.002225		5293.412451		5206.886127
0.002230		5291.385714		5205.114735
0.002235		5289.365149		5203.349008
0.002240		5287.350744		5201.588887
0.002245		5285.342487		5199.834312
0.002250		5283.340364		5198.085225
0.002255		5281.344362		5196.341570
0.002260		5279.354467		5194.603290
0.002265		5277.370667		5192.870332
0.002270		5275.392946		5191.142641
0.002275		5273.421292		5189.420167
0.002280		5271.455689		5187.702856
0.002285		5269.496125		5185.990661
0.002290		5267.542583		5184.283531
0.002295		5265.595049		5182.581420
0.002300		5263.653509		5180.884280
0.002305		5261.717949		5179.192066
0.002310		5259.788351		5177.504733
0.002315		5257.864703		5175.822239
0.002320		5255.946987		5174.144540
0.002325		5254.035190		5172.471595
0.002330		5252.129295		5170.803365
0.002335		5250.229287		5169.139808
0.002340		5248.335150		5167.480887
0.002345		5246.446869		5165.826564
0.002350		5244.564427		5164.176802
0.002355		5242.687809		5162.531565
0.002360		5240.816999		5160.890819
0.002365		5238.951980		5159.254528
0.002370		5237.092737		5157.622660
0.002375		5235.239253		5155.995181
0.002380		5233.391512		5154.372061
0.002385		5231.549498		5152.753267
0.002390		5229.713194		5151.138769
0.002395		5227.882583		5149.528538
0.002400		5226.057650		5147.922545
0.002405		5224.238378		5146.320761
0.002410		5222.424750		5144.723159
0.002415		5220.616750		5143.129711
0.002420		5218.814361		5141.540391
0.002425		5217.017566		5139.955173
0.002430		5215.226349		5138.374033
0.002435		5213.440692		5136.796945
0.002440		5211.660580		5135.223885
0.002445		5209.885995		5133.654831
0.002450		5208.116921		5132.089757
0.002455		5206.353340		5130.528644
0.002460		5204.595236		5128.971467
0.002465		5202.842592		5127.418206
0.002470		5201.095392		5125.868840
0.002475		5199.353567		5124.323403
0.002480		5197.616560		5122.782452
0.002485		5195.884218		5121.246097
0.002490		5194.156534		5119.714289
0.002495		5192.433500		5118.186982
0.002500		5190.715109		5116.664127
0.002505		5189.001353		5115.145678
0.002510		5187.292224		5113.631590
0.002515		5185.587715		5112.121818
0.002520		5183.887817		5110.616318
0.002525		5182.192521		5109.115048
0.002530		5180.501819		5107.617965
0.002535		5178.815702		5106.125028
0.002540		5177.134162		5104.636198
0.002545		5175.457189		5103.151434
0.002550		5173.784773		5101.670698
0.002555		5172.116907		5100.193953
0.002560		5170.453580		5098.721161
0.002565		5168.794783		5097.252288
0.002570		5167.140506		5095.787297
0.002575		5165.490739		5094.326155
0.002580		5163.845473		5092.868828
0.002585		5162.204698		5091.415284
0.002590		5160.568403		5089.965489
0.002595		5158.936579		5088.519414
0.002600		5157.309215		5087.077028
0.002605		5155.686300		5085.638301
0.002610		5154.067826		5084.203204
0.002615		5152.453780		5082.771708
0.002620		5150.844154		5081.343787
0.002625		5149.238935		5079.919412
0.002630		5147.638113		5078.498558
0.002635		5146.041678		5077.081198
0.002640		5144.449619		5075.667308
0.002645		5142.861925		5074.256863
0.002650		5141.278585		5072.849839
0.002655		5139.699588		5071.446212
0.002660		5138.124924		5070.045959
0.002665		5136.554581		5068.649059
0.002670		5134.988547		5067.255489
0.002675		5133.426813		5065.865228
0.002680		5131.869366		5064.478255
0.002685		5130.316196		5063.094550
0.002690		5128.767292		5061.714092
0.002695		5127.222642		5060.336863
0.002700		5125.682234		5058.962842
0.002705		5124.146058		5057.592013
0.002710		5122.614102		5056.224355
0.002715		5121.086356		5054.859852
0.002720		5119.562806		5053.498487
0.002725		5118.043443		5052.140242
0.002730		5116.528254		5050.785100
0.002735		5115.017229		5049.433046
0.002740		5113.510355		5048.084063
0.002745		5112.007622		5046.738136
0.002750		5110.509017		5045.395249
0.002755		5109.014530		5044.055388
0.002760		5107.524149		5042.718539
0.002765		5106.037862		5041.384686
0.002770		5104.555657		5040.053816
0.002775		5103.077524		5038.725915
0.002780		5101.603451		5037.400970
0.002785		5100.133426		5036.078968
0.002790		5098.667201		5034.760178
0.002795		5097.204433		5033.444974
0.002800		5095.745117		5032.133319
0.002805		5094.289249		5030.825176
0.002810		5092.836824		5029.520510
0.002815		5091.387839		5028.219284
0.002820		5089.942289		5026.921464
0.002825		5088.500169		5025.627013
0.002830		5087.061475		5024.335899
0.002835		5085.626202		5023.048088
0.002840		5084.194344		5021.763547
0.002845		5082.765897		5020.482244
0.002850		5081.340855		5019.204149
0.002855		5079.919213		5017.929231
0.002860		5078.500966		5016.657460
0.002865		5077.086107		5015.388806
0.002870		5075.674632		5014.123241
0.002875		5074.266533		5012.860738
0.002880		5072.861806		5011.601268
0.002885		5071.460445		5010.344806
0.002890		5070.062443		5009.091326
0.002895		5068.667793		5007.840802
0.002900		5067.276491		5006.593208
0.002905		5065.888529		5005.348523
0.002910		5064.503902		5004.106720
0.002915		5063.122601		5002.867778
0.002920		5061.744622		5001.631674
0.002925		5060.369958		5000.398386
0.002930		5058.998601		4999.167893
0.002935		5057.630545		4997.940173
0.002940		5056.265784		4996.715206
0.002945		5054.904310		4995.492973
0.002950		5053.546116		4994.273453
0.002955		5052.191196		4993.056628
0.002960		5050.839543		4991.842478
0.002965		5049.491149		4990.630987
0.002970		5048.146007		4989.422135
0.002975		5046.804111		4988.215907
0.002980		5045.465452		4987.012284
0.002985		5044.130025		4985.811251
0.002990		5042.797821		4984.612791
0.002995		5041.468833		4983.416889
0.003000		5040.143055		4982.223528
0.003005		5038.820478		4981.032695
0.003010		5037.501095		4979.844374
0.003015		5036.184899		4978.658550
0.003020		5034.871882		4977.475211
0.003025		5033.562037		4976.294342
0.003030		5032.255357		4975.115929
0.003035		5030.951834		4973.939960
0.003040		5029.651459		4972.766422
0.003045		5028.354227		4971.595302
0.003050		5027.060129		4970.426588
0.003055		5025.769158		4969.260268
0.003060		5024.481306		4968.096330
0.003065		5023.196565		4966.934762
0.003070		5021.914928		4965.775554
0.003075		5020.636387		4964.618694
0.003080		5019.360935		4963.464172
0.003085		5018.088563		4962.311977
0.003090		5016.819265		4961.162098
0.003095		5015.553032		4960.014526
0.003100		5014.289857		4958.869251
0.003105		5013.029732		4957.726262
0.003110		5011.772649		4956.585551
0.003115		5010.518602		4955.447108
0.003120		5009.267581		4954.310924
0.003125		5008.019579		4953.176989
0.003130		5006.774589		4952.045296
0.003135		5005.532603		4950.915836
0.003140		5004.293612		4949.788599
0.003145		5003.057611		4948.663578
0.003150		5001.824589		4947.540765
0.003155		5000.594541		4946.420151
0.003160		4999.367399		4945.301808
0.003165		4998.142827		4944.186161
0.003170		4996.920769		4943.073251
0.003175		4995.701226		4941.963050
0.003180		4994.484194		4940.855529
0.003185		4993.269673		4939.750660
0.003190		4992.057659		4938.648415
0.003195		4990.848150		4937.548769
0.003200		4989.641145		4936.451694
0.003205		4988.436640		4935.357165
0.003210		4987.234633		4934.265156
0.003215		4986.035121		4933.175643
0.003220		4984.838102		4932.088601
0.003225		4983.643572		4931.004007
0.003230		4982.451529		4929.921837
0.003235		4981.261969		4928.842070
0.003240		4980.074889		4927.764683
0.003245		4978.890286		4926.689654
0.003250		4977.708156		4925.616962
0.003255		4976.528496		4924.546587
0.003260		4975.351303		4923.478508
0.003265		4974.176573		4922.412707
0.003270		4973.004302		4921.349164
0.003275		4971.834487		4920.287859
0.003280		4970.667123		4919.228776
0.003285		4969.502207		4918.171896
0.003290		4968.339735		4917.117203
0.003295		4967.179703		4916.064678
0.003300		4966.022107		4915.014305
0.003305		4964.866943		4913.966069
0.003310		4963.714206		4912.919953
0.003315		4962.563893		4911.875943
0.003320		4961.415999		4910.834022
0.003325		4960.270521		4909.794178
0.003330		4959.127453		4908.756394
0.003335		4957.986791		4907.720658
0.003340		4956.848532		4906.686956
0.003345		4955.712669		4905.655274
0.003350		4954.579200		4904.625599
0.003355		4953.448120		4903.597919
0.003360		4952.319423		4902.572222
0.003365		4951.193106		4901.548495
0.003370		4950.069164		4900.526727
0.003375		4948.947591		4899.506905
0.003380		4947.828385		4898.489019
0.003385		4946.711539		4897.473058
0.003390		4945.597049		4896.459011
0.003395		4944.484910		4895.446868
0.003400		4943.375118		4894.436618
0.003405		4942.267668		4893.428251
0.003410		4941.162555		4892.421757
0.003415		4940.059774		4891.417128
0.003420		4938.959320		4890.414352
0.003425		4937.861189		4889.413422
0.003430		4936.765375		4888.414329
0.003435		4935.671874		4887.417063
0.003440		4934.580681		4886.421616
0.003445		4933.491790		4885.427979
0.003450		4932.405198		4884.436145
0.003455		4931.320898		4883.446106
0.003460		4930.238886		4882.457853
0.003465		4929.159157		4881.471379
0.003470		4928.081706		4880.486676
0.003475		4927.006528		4879.503737
0.003480		4925.933618		4878.522554
0.003485		4924.862971		4877.543122
0.003490		4923.794582		4876.565432
0.003495		4922.728446		4875.589477
0.003500		4921.664558		4874.615252
0.003505		4920.602913		4873.642750
0.003510		4919.543505		4872.671964
0.003515		4918.486330		4871.702888
0.003520		4917.431383		4870.735515
0.003525		4916.378658		4869.769841
0.003530		4915.328151		4868.805858
0.003535		4914.279857		4867.843561
0.003540		4913.233770		4866.882945
0.003545		4912.189885		4865.924003
0.003550		4911.148198		4864.966730
0.003555		4910.108703		4864.011122
0.003560		4909.071395		4863.057171
0.003565		4908.036269		4862.104874
0.003570		4907.003321		4861.154225
0.003575		4905.972544		4860.205219
0.003580		4904.943934		4859.257851
0.003585		4903.917487		4858.312116
0.003590		4902.893196		4857.368010
0.003595		4901.871057		4856.425527
0.003600		4900.851064		4855.484663
0.003605		4899.833209		4854.545421
0.003610		4898.817273		4853.608111
0.003615		4897.803136		4852.672887
0.003620		4896.790799		4851.739728
0.003625		4895.780262		4850.808611
0.003630		4894.771523		4849.879515
0.003635		4893.764583		4848.952417
0.003640		4892.759439		4848.027298
0.003645		4891.756092		4847.104137
0.003650		4890.754541		4846.182912
0.003655		4889.754784		4845.263606
0.003660		4888.756820		4844.346198
0.003665		4887.760648		4843.430669
0.003670		4886.766267		4842.517002
0.003675		4885.773675		4841.605178
0.003680		4884.782871		4840.695180
0.003685		4883.793853		4839.786990
0.003690		4882.806619		4838.880592
0.003695		4881.821169		4837.975970
0.003700		4880.837499		4837.073107
0.003705		4879.855609		4836.171988
0.003710		4878.875497		4835.272598
0.003715		4877.897159		4834.374923
0.003720		4876.920596		4833.478947
0.003725		4875.945803		4832.584657
0.003730		4874.972780		4831.692039
0.003735		4874.001524		4830.801079
0.003740		4873.032033		4829.911765
0.003745		4872.064305		4829.024084
0.003750		4871.098337		4828.138023
0.003755		4870.134127		4827.253571
0.003760		4869.171672		4826.370716
0.003765		4868.210971		4825.489445
0.003770		4867.252021		4824.609748
0.003775		4866.294818		4823.731614
0.003780		4865.339362		4822.855033
0.003785		4864.385648		4821.979993
0.003790		4863.433675		4821.106485
0.003795		4862.483440		4820.234499
0.003800		4861.534940		4819.364024
0.003805		4860.588172		4818.495053
0.003810		4859.643134		4817.627575
0.003815		4858.699823		4816.761581
0.003820		4857.758236		4815.897063
0.003825		4856.818370		4815.034012
0.003830		4855.880223		4814.172420
0.003835		4854.943791		4813.312279
0.003840		4854.009072		4812.453580
0.003845		4853.076063		4811.596316
0.003850		4852.144761		4810.740479
0.003855		4851.215163		4809.886062
0.003860		4850.287266		4809.033058
0.003865		4849.361066		4808.181459
0.003870		4848.436562		4807.331259
0.003875		4847.513750		4806.482450
0.003880		4846.592626		4805.635027
0.003885		4845.673189		4804.788982
0.003890		4844.755434		4803.944310
0.003895		4843.839359		4803.101004
0.003900		4842.924960		4802.259058
0.003905		4842.012235		4801.418467
0.003910		4841.101181		4800.579223
0.003915		4840.191793		4799.741323
0.003920		4839.284070		4798.904760
0.003925		4838.378008		4798.069529
0.003930		4837.473604		4797.235624
0.003935		4836.570854		4796.403041
0.003940		4835.669756		4795.571773
0.003945		4834.770306		4794.741817
0.003950		4833.872501		4793.913168
0.003955		4832.976339		4793.085820
0.003960		4832.081814		4792.259769
0.003965		4831.188926		4791.435010
0.003970		4830.297670		4790.611539
0.003975		4829.408042		4789.789351
0.003980		4828.520041		4788.968442
0.003985		4827.633663		4788.148808
0.003990		4826.748903		4787.330444
0.003995		4825.865760		4786.513348
0.004000		4824.984230		4785.697513
0.004005		4824.104310		4784.882937
0.004010		4823.225996		4784.069616
0.004015		4822.349285		4783.257545
0.004020		4821.474174		4782.446722
0.004025		4820.600660		4781.637142
0.004030		4819.728739		4780.828802
0.004035		4818.858409		4780.021698
0.004040		4817.989665		4779.215826
0.004045		4817.122506		4778.411185
0.004050		4816.256926		4777.607769
0.004055		4815.392924		4776.805575
0.004060		4814.530496		4776.004602
0.004065		4813.669639		4775.204844
0.004070		4812.810349		4774.406299
0.004075		4811.952624		4773.608964
0.004080		4811.096459		4772.812836
0.004085		4810.241852		4772.017912
0.004090		4809.388800		4771.224188
0.004095		4808.537299		4770.431663
0.004100		4807.687346		4769.640332
0.004105		4806.838938		4768.850193
0.004110		4805.992071		4768.061244
0.004115		4805.146743		4767.273481
0.004120		4804.302949		4766.486902
0.004125		4803.460688		4765.701504
0.004130		4802.619955		4764.917285
0.004135		4801.780748		4764.134241
0.004140		4800.943063		4763.352370
0.004145		4800.106897		4762.571670
0.004150		4799.272151		4761.792296
0.004155		4798.438670		4761.014492
0.004160		4797.606453		4760.238243
0.004165		4796.775499		4759.463532
0.004170		4795.945809		4758.690342
0.004175		4795.117383		4757.918656
0.004180		4794.290222		4757.148457
0.004185		4793.464325		4756.379730
0.004190		4792.639693		4755.612458
0.004195		4791.816325		4754.846626
0.004200		4790.994221		4754.082220
0.004205		4790.173380		4753.319224
0.004210		4789.353804		4752.557623
0.004215		4788.535490		4751.797405
0.004220		4787.718439		4751.038555
0.004225		4786.902650		4750.281060
0.004230		4786.088122		4749.524907
0.004235		4785.274855		4748.770083
0.004240		4784.462849		4748.016576
0.004245		4783.652101		4747.264374
0.004250		4782.842613		4746.513465
0.004255		4782.034381		4745.763838
0.004260		4781.227407		4745.015481
0.004265		4780.421689		4744.268384
0.004270		4779.617225		4743.522536
0.004275		4778.814016		4742.777927
0.004280		4778.012059		4742.034547
0.004285		4777.211354		4741.292386
0.004290		4776.411899		4740.551434
0.004295		4775.613693		4739.811682
0.004300		4774.816736		4739.073122
0.004305		4774.021025		4738.335744
0.004310		4773.226560		4737.599539
0.004315		4772.433338		4736.864500
0.004320		4771.641360		4736.130619
0.004325		4770.850623		4735.397886
0.004330		4770.061126		4734.666295
0.004335		4769.272867		4733.935838
0.004340		4768.485845		4733.206508
0.004345		4767.700059		4732.478297
0.004350		4766.915507		4731.751199
0.004355		4766.132187		4731.025206
0.004360		4765.350099		4730.300312
0.004365		4764.569239		4729.576511
0.004370		4763.789607		4728.853796
0.004375		4763.011201		4728.132161
0.004380		4762.234019		4727.411600
0.004385		4761.458060		4726.692107
0.004390		4760.683322		4725.973676
0.004395		4759.909803		4725.256302
0.004400		4759.137501		4724.539980
0.004405		4758.366415		4723.824704
0.004410		4757.596543		4723.110468
0.004415		4756.827884		4722.397269
0.004420		4756.060434		4721.685100
0.004425		4755.294194		4720.973957
0.004430		4754.529160		4720.263835
0.004435		4753.765330		4719.554730
0.004440		4753.002704		4718.846637
0.004445		4752.241279		4718.139552
0.004450		4751.481054		4717.433470
0.004455		4750.722025		4716.728388
0.004460		4749.964193		4716.024300
0.004465		4749.207554		4715.321204
0.004470		4748.452106		4714.619094
0.004475		4747.697849		4713.917968
0.004480		4746.944779		4713.217822
0.004485		4746.192896		4712.518651
0.004490		4745.442196		4711.820452
0.004495		4744.692678		4711.123222
0.004500		4743.944340		4710.426957
0.004505		4743.197181		4709.731654
0.004510		4742.451198		4709.037310
0.004515		4741.706388		4708.343921
0.004520		4740.962751		4707.651483
0.004525		4740.220284		4706.959995
0.004530		4739.478986		4706.269453
0.004535		4738.738853		4705.579853
0.004540		4737.999885		4704.891193
0.004545		4737.262079		4704.203471
0.004550		4736.525433		4703.516682
0.004555		4735.789945		4702.830826
0.004560		4735.055614		4702.145897
0.004565		4734.322436		4701.461895
0.004570		4733.590411		4700.778816
0.004575		4732.859536		4700.096658
0.004580		4732.129809		4699.415419
0.004585		4731.401227		4698.735095
0.004590		4730.673790		4698.055684
0.004595		4729.947495		4697.377184
0.004600		4729.222340		4696.699593
0.004605		4728.498323		4696.022908
0.004610		4727.775441		4695.347128
0.004615		4727.053694		4694.672248
0.004620		4726.333078		4693.998269
0.004625		4725.613592		4693.325186
0.004630		4724.895234		4692.652999
0.004635		4724.178002		4691.981705
0.004640		4723.461893		4691.311302
0.004645		4722.746905		4690.641787
0.004650		4722.033038		4689.973160
0.004655		4721.320288		4689.305418
0.004660		4720.608653		4688.638558
0.004665		4719.898132		4687.972579
0.004670		4719.188722		4687.307480
0.004675		4718.480422		4686.643258
0.004680		4717.773229		4685.979911
0.004685		4717.067142		4685.317437
0.004690		4716.362158		4684.655836
0.004695		4715.658275		4683.995104
0.004700		4714.955491		4683.335240
0.004705		4714.253805		4682.676243
0.004710		4713.553214		4682.018110
0.004715		4712.853716		4681.360840
0.004720		4712.155309		4680.704432
0.004725		4711.457991		4680.048883
0.004730		4710.761761		4679.394193
0.004735		4710.066615		4678.740358
0.004740		4709.372553		4678.087378
0.004745		4708.679572		4677.435252
0.004750		4707.987670		4676.783977
0.004755		4707.296845		4676.133552
0.004760		4706.607095		4675.483976
0.004765		4705.918418		4674.835246
0.004770		4705.230813		4674.187362
0.004775		4704.544276		4673.540322
0.004780		4703.858807		4672.894124
0.004785		4703.174402		4672.248767
0.004790		4702.491061		4671.604250
0.004795		4701.808781		4670.960570
0.004800		4701.127560		4670.317728
0.004805		4700.447396		4669.675720
0.004810		4699.768277		4669.034567
0.004815		4699.090065		4668.394513
0.004820		4698.412721		4667.755622
0.004825		4697.736245		4667.117879
0.004830		4697.060639		4666.481270
0.004835		4696.385903		4665.845782
0.004840		4695.712037		4665.211402
0.004845		4695.039043		4664.578118
0.004850		4694.366921		4663.945916
0.004855		4693.695670		4663.314784
0.004860		4693.025293		4662.684711
0.004865		4692.355788		4662.055685
0.004870		4691.687156		4661.427694
0.004875		4691.019398		4660.800727
0.004880		4690.352513		4660.174774
0.004885		4689.686501		4659.549824
0.004890		4689.021363		4658.925867
0.004895		4688.357099		4658.302893
0.004900		4687.693708		4657.680892
0.004905		4687.031190		4657.059855
0.004910		4686.369546		4656.439773
0.004915		4685.708774		4655.820636
0.004920		4685.048875		4655.202436
0.004925		4684.389849		4654.585164
0.004930		4683.731695		4653.968813
0.004935		4683.074413		4653.353374
0.004940		4682.418003		4652.738840
0.004945		4681.762463		4652.125202
0.004950		4681.107794		4651.512454
0.004955		4680.453995		4650.900589
0.004960		4679.801066		4650.289598
0.004965		4679.149006		4649.679476
0.004970		4678.497814		4649.070216
0.004975		4677.847490		4648.461812
0.004980		4677.198034		4647.854256
0.004985		4676.549444		4647.247544
0.004990		4675.901720		4646.641669
0.004995		4675.254861		4646.036625
0.005000		4674.608867		4645.432407
