0.000000		760.139370
0.000005		754.935964
0.000010		749.861937
0.000015		744.912986
0.000020		740.085506
0.000025		735.375485
0.000030		730.779137
0.000035		726.293268
0.000040		721.914047
0.000045		717.638473
0.000050		713.463239
0.000055		709.385066
0.000060		705.401324
0.000065		701.508619
0.000070		697.704676
0.000075		693.986229
0.000080		690.351167
0.000085		686.796449
0.000090		683.320077
0.000095		679.919222
0.000100		676.592035
0.000105		673.335820
0.000110		670.148942
0.000115		667.028766
0.000120		663.973906
0.000125		660.981767
0.000130		658.051166
0.000135		655.179634
0.000140		652.366009
0.000145		649.608207
0.000150		646.904739
0.000155		644.254273
0.000160		641.654776
0.000165		639.105488
0.000170		636.604287
0.000175		634.150306
0.000180		631.742190
0.000185		629.378294
0.000190		627.058085
0.000195		624.779671
0.000200		622.542272
0.000205		620.345062
0.000210		618.186295
0.000215		616.065601
0.000220		613.981807
0.000225		611.933597
0.000230		609.920733
0.000235		607.941841
0.000240		605.995973
0.000245		604.082925
0.000250		602.201332
0.000255		600.350388
0.000260		598.529950
0.000265		596.738802
0.000270		594.976098
0.000275		593.241736
0.000280		591.534865
0.000285		589.854382
0.000290		588.200208
0.000295		586.571955
0.000300		584.968289
0.000305		583.389022
0.000310		581.834086
0.000315		580.302395
0.000320		578.793305
0.000325		577.306782
0.000330		575.842567
0.000335		574.399435
0.000340		572.977183
0.000345		571.575788
0.000350		570.194812
0.000355		568.833174
0.000360		567.490805
0.000365		566.167688
0.000370		564.863395
0.000375		563.576909
0.000380		562.308173
0.000385		561.057176
0.000390		559.823693
0.000395		558.606673
0.000400		557.405968
0.000405		556.221570
0.000410		555.053458
0.000415		553.900824
0.000420		552.763147
0.000425		551.640419
0.000430		550.532629
0.000435		549.439656
0.000440		548.360563
0.000445		547.295132
0.000450		546.243354
0.000455		545.205215
0.000460		544.180596
0.000465		543.168614
0.000470		542.169067
0.000475		541.181943
0.000480		540.207227
0.000485		539.244897
0.000490		538.294294
0.000495		537.354964
0.000500		536.426894
0.000505		535.510068
0.000510		534.604469
0.000515		533.709995
0.000520		532.825879
0.000525		531.951926
0.000530		531.088120
0.000535		530.234446
0.000540		529.390881
0.000545		528.557367
0.000550		527.733226
0.000555		526.918202
0.000560		526.112281
0.000565		525.315443
0.000570		524.527669
0.000575		523.748934
0.000580		522.979011
0.000585		522.217269
0.000590		521.463650
0.000595		520.718137
0.000600		519.980711
0.000605		519.251351
0.000610		518.530032
0.000615		517.816606
0.000620		517.110471
0.000625		516.411535
0.000630		515.719779
0.000635		515.035184
0.000640		514.357730
0.000645		513.687396
0.000650		513.024156
0.000655		512.367750
0.000660		511.717699
0.000665		511.073976
0.000670		510.436563
0.000675		509.805441
0.000680		509.180591
0.000685		508.561991
0.000690		507.949620
0.000695		507.343409
0.000700		506.742867
0.000705		506.147856
0.000710		505.558360
0.000715		504.974362
0.000720		504.395844
0.000725		503.822787
0.000730		503.255172
0.000735		502.692978
0.000740		502.136178
0.000745		501.584400
0.000750		501.037416
0.000755		500.495212
0.000760		499.957771
0.000765		499.425079
0.000770		498.897120
0.000775		498.373874
0.000780		497.855326
0.000785		497.341457
0.000790		496.832247
0.000795		496.327436
0.000800		495.826744
0.000805		495.330159
0.000810		494.837669
0.000815		494.349258
0.000820		493.864914
0.000825		493.384621
0.000830		492.908364
0.000835		492.436128
0.000840		491.967896
0.000845		491.503652
0.000850		491.043249
0.000855		490.586369
0.000860		490.132990
0.000865		489.683099
0.000870		489.236686
0.000875		488.793738
0.000880		488.354244
0.000885		487.918191
0.000890		487.485566
0.000895		487.056355
0.000900		486.630545
0.000905		486.208121
0.000910		485.789050
0.000915		485.373034
0.000920		484.959978
0.000925		484.549871
0.000930		484.142705
0.000935		483.738470
0.000940		483.337157
0.000945		482.938754
0.000950		482.543253
0.000955		482.150641
0.000960		481.760908
0.000965		481.374044
0.000970		480.990036
0.000975		480.608873
0.000980		480.230503
0.000985		479.854662
0.000990		479.481296
0.000995		479.110398
0.001000		478.741961
0.001005		478.375978
0.001010		478.012439
0.001015		477.651339
0.001020		477.292667
0.001025		476.936417
0.001030		476.582578
0.001035		476.231143
0.001040		475.882102
0.001045		475.535447
0.001050		475.191167
0.001055		474.849254
0.001060		474.509551
0.001065		474.171906
0.001070		473.836312
0.001075		473.502764
0.001080		473.171257
0.001085		472.841784
0.001090		472.514339
0.001095		472.188917
0.001100		471.865510
0.001105		471.544112
0.001110		471.224717
0.001115		470.907318
0.001120		470.591907
0.001125		470.278478
0.001130		469.967024
0.001135		469.657537
0.001140		469.350009
0.001145		469.044388
0.001150		468.740482
0.001155		468.438266
0.001160		468.137736
0.001165		467.838889
0.001170		467.541720
0.001175		467.246225
0.001180		466.952399
0.001185		466.660237
0.001190		466.369734
0.001195		466.080887
0.001200		465.793688
0.001205		465.508135
0.001210		465.224220
0.001215		464.941939
0.001220		464.661287
0.001225		464.382257
0.001230		464.104844
0.001235		463.829043
0.001240		463.554848
0.001245		463.282152
0.001250		463.010837
0.001255		462.740903
0.001260		462.472346
0.001265		462.205162
0.001270		461.939349
0.001275		461.674904
0.001280		461.411822
0.001285		461.150102
0.001290		460.889738
0.001295		460.630728
0.001300		460.373068
0.001305		460.116755
0.001310		459.861783
0.001315		459.608150
0.001320		459.355851
0.001325		459.104882
0.001330		458.855239
0.001335		458.606919
0.001340		458.359915
0.001345		458.114225
0.001350		457.869844
0.001355		457.626720
0.001360		457.384724
0.001365		457.143847
0.001370		456.904087
0.001375		456.665442
0.001380		456.427910
0.001385		456.191488
0.001390		455.956175
0.001395		455.721968
0.001400		455.488864
0.001405		455.256860
0.001410		455.025956
0.001415		454.796147
0.001420		454.567430
0.001425		454.339804
0.001430		454.113265
0.001435		453.887811
0.001440		453.663438
0.001445		453.440143
0.001450		453.217923
0.001455		452.996775
0.001460		452.776697
0.001465		452.557684
0.001470		452.339733
0.001475		452.122842
0.001480		451.906996
0.001485		451.692080
0.001490		451.478066
0.001495		451.264951
0.001500		451.052734
0.001505		450.841413
0.001510		450.630988
0.001515		450.421456
0.001520		450.212816
0.001525		450.005067
0.001530		449.798206
0.001535		449.592232
0.001540		449.387142
0.001545		449.182936
0.001550		448.979611
0.001555		448.777165
0.001560		448.575596
0.001565		448.374903
0.001570		448.175082
0.001575		447.976131
0.001580		447.778050
0.001585		447.580834
0.001590		447.384482
0.001595		447.188992
0.001600		446.994362
0.001605		446.800588
0.001610		446.607668
0.001615		446.415600
0.001620		446.224382
0.001625		446.034003
0.001630		445.844368
0.001635		445.655453
0.001640		445.467255
0.001645		445.279775
0.001650		445.093010
0.001655		444.906961
0.001660		444.721626
0.001665		444.537004
0.001670		444.353094
0.001675		444.169895
0.001680		443.987406
0.001685		443.805625
0.001690		443.624551
0.001695		443.444182
0.001700		443.264519
0.001705		443.085558
0.001710		442.907298
0.001715		442.729739
0.001720		442.552878
0.001725		442.376714
0.001730		442.201246
0.001735		442.026471
0.001740		441.852388
0.001745		441.678996
0.001750		441.506293
0.001755		441.334276
0.001760		441.162945
0.001765		440.992298
0.001770		440.822332
0.001775		440.653046
0.001780		440.484438
0.001785		440.316506
0.001790		440.149249
0.001795		439.982616
0.001800		439.816552
0.001805		439.651057
0.001810		439.486129
0.001815		439.321768
0.001820		439.157974
0.001825		438.994746
0.001830		438.832083
0.001835		438.669985
0.001840		438.508450
0.001845		438.347479
0.001850		438.187070
0.001855		438.027222
0.001860		437.867934
0.001865		437.709206
0.001870		437.551037
0.001875		437.393426
0.001880		437.236371
0.001885		437.079871
0.001890		436.923926
0.001895		436.768535
0.001900		436.613696
0.001905		436.459409
0.001910		436.305671
0.001915		436.152482
0.001920		435.999841
0.001925		435.847747
0.001930		435.696198
0.001935		435.545193
0.001940		435.394730
0.001945		435.244809
0.001950		435.095428
0.001955		434.946586
0.001960		434.798281
0.001965		434.650513
0.001970		434.503279
0.001975		434.356578
0.001980		434.210409
0.001985		434.064767
0.001990		433.919592
0.001995		433.774862
0.002000		433.630577
0.002005		433.486737
0.002010		433.343341
0.002015		433.200388
0.002020		433.057879
0.002025		432.915814
0.002030		432.774190
0.002035		432.633009
0.002040		432.492270
0.002045		432.351972
0.002050		432.212114
0.002055		432.072697
0.002060		431.933718
0.002065		431.795179
0.002070		431.657077
0.002075		431.519413
0.002080		431.382186
0.002085		431.245395
0.002090		431.109039
0.002095		430.973117
0.002100		430.837630
0.002105		430.702575
0.002110		430.567952
0.002115		430.433761
0.002120		430.300000
0.002125		430.166669
0.002130		430.033767
0.002135		429.901292
0.002140		429.769245
0.002145		429.637623
0.002150		429.506427
0.002155		429.375655
0.002160		429.245306
0.002165		429.115379
0.002170		428.985874
0.002175		428.856788
0.002180		428.728123
0.002185		428.599875
0.002190		428.472045
0.002195		428.344630
0.002200		428.217632
0.002205		428.091047
0.002210		427.964873
0.002215		427.839065
0.002220		427.713600
0.002225		427.588480
0.002230		427.463704
0.002235		427.339272
0.002240		427.215184
0.002245		427.091439
0.002250		426.968038
0.002255		426.844980
0.002260		426.722265
0.002265		426.599892
0.002270		426.477861
0.002275		426.356172
0.002280		426.234825
0.002285		426.113819
0.002290		425.993154
0.002295		425.872829
0.002300		425.752844
0.002305		425.633198
0.002310		425.513892
0.002315		425.394924
0.002320		425.276293
0.002325		425.158001
0.002330		425.040045
0.002335		424.922426
0.002340		424.805143
0.002345		424.688195
0.002350		424.571582
0.002355		424.455303
0.002360		424.339357
0.002365		424.223745
0.002370		424.108465
0.002375		423.993516
0.002380		423.878899
0.002385		423.764612
0.002390		423.650655
0.002395		423.537027
0.002400		423.423728
0.002405		423.310756
0.002410		423.198111
0.002415		423.085793
0.002420		422.973800
0.002425		422.862132
0.002430		422.750788
0.002435		422.639768
0.002440		422.529070
0.002445		422.418695
0.002450		422.308640
0.002455		422.198907
0.002460		422.089492
0.002465		421.980397
0.002470		421.871620
0.002475		421.763157
0.002480		421.654967
0.002485		421.547040
0.002490		421.439376
0.002495		421.331974
0.002500		421.224836
0.002505		421.117960
0.002510		421.011346
0.002515		420.904995
0.002520		420.798907
0.002525		420.693080
0.002530		420.587516
0.002535		420.482213
0.002540		420.377172
0.002545		420.272393
0.002550		420.167875
0.002555		420.063618
0.002560		419.959622
0.002565		419.855886
0.002570		419.752410
0.002575		419.649195
0.002580		419.546239
0.002585		419.443542
0.002590		419.341105
0.002595		419.238926
0.002600		419.137006
0.002605		419.035344
0.002610		418.933939
0.002615		418.832792
0.002620		418.731901
0.002625		418.631267
0.002630		418.530890
0.002635		418.430768
0.002640		418.330901
0.002645		418.231289
0.002650		418.131931
0.002655		418.032828
0.002660		417.933978
0.002665		417.835381
0.002670		417.737037
0.002675		417.638945
0.002680		417.541105
0.002685		417.443516
0.002690		417.346178
0.002695		417.249090
0.002700		417.152252
0.002705		417.055663
0.002710		416.959323
0.002715		416.863231
0.002720		416.767387
0.002725		416.671790
0.002730		416.576440
0.002735		416.481336
0.002740		416.386477
0.002745		416.291864
0.002750		416.197495
0.002755		416.103371
0.002760		416.009490
0.002765		415.915852
0.002770		415.822456
0.002775		415.729302
0.002780		415.636389
0.002785		415.543717
0.002790		415.451268
0.002795		415.359017
0.002800		415.266963
0.002805		415.175106
0.002810		415.083447
0.002815		414.991986
0.002820		414.900722
0.002825		414.809656
0.002830		414.718788
0.002835		414.628117
0.002840		414.537644
0.002845		414.447368
0.002850		414.357290
0.002855		414.267409
0.002860		414.177725
0.002865		414.088238
0.002870		413.998948
0.002875		413.909855
0.002880		413.820959
0.002885		413.732259
0.002890		413.643756
0.002895		413.555449
0.002900		413.467338
0.002905		413.379422
0.002910		413.291703
0.002915		413.204178
0.002920		413.116849
0.002925		413.029715
0.002930		412.942776
0.002935		412.856031
0.002940		412.769481
0.002945		412.683125
0.002950		412.596962
0.002955		412.510993
0.002960		412.425217
0.002965		412.339634
0.002970		412.254244
0.002975		412.169047
0.002980		412.084041
0.002985		411.999227
0.002990		411.914605
0.002995		411.830174
0.003000		411.745934
0.003005		411.661884
0.003010		411.578025
0.003015		411.494356
0.003020		411.410876
0.003025		411.327586
0.003030		411.244484
0.003035		411.161571
0.003040		411.078847
0.003045		410.996310
0.003050		410.913961
0.003055		410.831799
0.003060		410.749824
0.003065		410.668035
0.003070		410.586433
0.003075		410.505016
0.003080		410.423785
0.003085		410.342739
0.003090		410.261878
0.003095		410.181201
0.003100		410.100707
0.003105		410.020398
0.003110		409.940271
0.003115		409.860327
0.003120		409.780566
0.003125		409.700987
0.003130		409.621589
0.003135		409.542373
0.003140		409.463337
0.003145		409.384482
0.003150		409.305807
0.003155		409.227312
0.003160		409.148992
0.003165		409.070821
0.003170		408.992796
0.003175		408.914917
0.003180		408.837185
0.003185		408.759598
0.003190		408.682158
0.003195		408.604864
0.003200		408.527716
0.003205		408.450715
0.003210		408.373860
0.003215		408.297151
0.003220		408.220589
0.003225		408.144174
0.003230		408.067904
0.003235		407.991781
0.003240		407.915804
0.003245		407.839974
0.003250		407.764290
0.003255		407.688752
0.003260		407.613359
0.003265		407.538113
0.003270		407.463013
0.003275		407.388059
0.003280		407.313250
0.003285		407.238587
0.003290		407.164070
0.003295		407.089697
0.003300		407.015470
0.003305		406.941389
0.003310		406.867452
0.003315		406.793660
0.003320		406.720013
0.003325		406.646510
0.003330		406.573152
0.003335		406.499938
0.003340		406.426868
0.003345		406.353942
0.003350		406.281159
0.003355		406.208520
0.003360		406.136025
0.003365		406.063673
0.003370		405.991464
0.003375		405.919397
0.003380		405.847473
0.003385		405.775692
0.003390		405.704052
0.003395		405.632555
0.003400		405.561200
0.003405		405.489986
0.003410		405.418913
0.003415		405.347981
0.003420		405.277191
0.003425		405.206541
0.003430		405.136031
0.003435		405.065662
0.003440		404.995433
0.003445		404.925343
0.003450		404.855394
0.003455		404.785583
0.003460		404.715911
0.003465		404.646378
0.003470		404.576984
0.003475		404.507728
0.003480		404.438610
0.003485		404.369630
0.003490		404.300788
0.003495		404.232083
0.003500		404.163514
0.003505		404.095083
0.003510		404.026789
0.003515		403.958630
0.003520		403.890608
0.003525		403.822721
0.003530		403.754970
0.003535		403.687354
0.003540		403.619874
0.003545		403.552528
0.003550		403.485316
0.003555		403.418239
0.003560		403.351296
0.003565		403.284486
0.003570		403.217810
0.003575		403.151267
0.003580		403.084857
0.003585		403.018579
0.003590		402.952434
0.003595		402.886421
0.003600		402.820540
0.003605		402.754790
0.003610		402.689154
0.003615		402.623625
0.003620		402.558201
0.003625		402.492883
0.003630		402.427671
0.003635		402.362566
0.003640		402.297566
0.003645		402.232674
0.003650		402.167887
0.003655		402.103207
0.003660		402.038634
0.003665		401.974167
0.003670		401.909807
0.003675		401.845553
0.003680		401.781407
0.003685		401.717366
0.003690		401.653433
0.003695		401.589606
0.003700		401.525886
0.003705		401.462273
0.003710		401.398767
0.003715		401.335367
0.003720		401.272074
0.003725		401.208887
0.003730		401.145807
0.003735		401.082833
0.003740		401.019966
0.003745		400.957206
0.003750		400.894552
0.003755		400.832004
0.003760		400.769562
0.003765		400.707227
0.003770		400.644997
0.003775		400.582874
0.003780		400.520856
0.003785		400.458945
0.003790		400.397139
0.003795		400.335439
0.003800		400.273844
0.003805		400.212355
0.003810		400.150971
0.003815		400.089692
0.003820		400.028519
0.003825		399.967450
0.003830		399.906487
0.003835		399.845628
0.003840		399.784874
0.003845		399.724224
0.003850		399.663679
0.003855		399.603238
0.003860		399.542901
0.003865		399.482669
0.003870		399.422540
0.003875		399.362515
0.003880		399.302593
0.003885		399.242775
0.003890		399.183061
0.003895		399.123449
0.003900		399.063940
0.003905		399.004535
0.003910		398.945232
0.003915		398.886032
0.003920		398.826934
0.003925		398.767938
0.003930		398.709045
0.003935		398.650253
0.003940		398.591563
0.003945		398.532975
0.003950		398.474489
0.003955		398.416104
0.003960		398.357819
0.003965		398.299636
0.003970		398.241554
0.003975		398.183572
0.003980		398.125691
0.003985		398.067911
0.003990		398.010230
0.003995		397.952649
0.004000		397.895169
0.004005		397.837788
0.004010		397.780506
0.004015		397.723324
0.004020		397.666240
0.004025		397.609256
0.004030		397.552371
0.004035		397.495584
0.004040		397.438896
0.004045		397.382306
0.004050		397.325814
0.004055		397.269420
0.004060		397.213124
0.004065		397.156925
0.004070		397.100824
0.004075		397.044820
0.004080		396.988913
0.004085		396.933103
0.004090		396.877390
0.004095		396.821773
0.004100		396.766252
0.004105		396.710828
0.004110		396.655500
0.004115		396.600267
0.004120		396.545130
0.004125		396.490089
0.004130		396.435143
0.004135		396.380292
0.004140		396.325535
0.004145		396.270874
0.004150		396.216300
0.004155		396.161801
0.004160		396.107377
0.004165		396.053028
0.004170		395.998755
0.004175		395.944558
0.004180		395.890436
0.004185		395.836389
0.004190		395.782419
0.004195		395.728525
0.004200		395.674706
0.004205		395.620964
0.004210		395.567298
0.004215		395.513708
0.004220		395.460194
0.004225		395.406757
0.004230		395.353396
0.004235		395.300112
0.004240		395.246904
0.004245		395.193772
0.004250		395.140717
0.004255		395.087738
0.004260		395.034836
0.004265		394.982010
0.004270		394.929261
0.004275		394.876588
0.004280		394.823992
0.004285		394.771473
0.004290		394.719030
0.004295		394.666663
0.004300		394.614373
0.004305		394.562159
0.004310		394.510022
0.004315		394.457961
0.004320		394.405976
0.004325		394.354068
0.004330		394.302236
0.004335		394.250480
0.004340		394.198800
0.004345		394.147197
0.004350		394.095669
0.004355		394.044218
0.004360		393.992842
0.004365		393.941542
0.004370		393.890319
0.004375		393.839171
0.004380		393.788099
0.004385		393.737102
0.004390		393.686181
0.004395		393.635335
0.004400		393.584565
0.004405		393.533871
0.004410		393.483251
0.004415		393.432707
0.004420		393.382238
0.004425		393.331844
0.004430		393.281525
0.004435		393.231281
0.004440		393.181111
0.004445		393.131017
0.004450		393.080997
0.004455		393.031051
0.004460		392.981180
0.004465		392.931383
0.004470		392.881661
0.004475		392.832013
0.004480		392.782438
0.004485		392.732938
0.004490		392.683512
0.004495		392.634159
0.004500		392.584880
0.004505		392.535675
0.004510		392.486543
0.004515		392.437485
0.004520		392.388499
0.004525		392.339587
0.004530		392.290749
0.004535		392.241983
0.004540		392.193289
0.004545		392.144669
0.004550		392.096121
0.004555		392.047646
0.004560		391.999244
0.004565		391.950913
0.004570		391.902655
0.004575		391.854469
0.004580		391.806355
0.004585		391.758313
0.004590		391.710343
0.004595		391.662444
0.004600		391.614617
0.004605		391.566861
0.004610		391.519177
0.004615		391.471564
0.004620		391.424022
0.004625		391.376551
0.004630		391.329151
0.004635		391.281822
0.004640		391.234564
0.004645		391.187376
0.004650		391.140258
0.004655		391.093211
0.004660		391.046234
0.004665		390.999327
0.004670		390.952490
0.004675		390.905723
0.004680		390.859026
0.004685		390.812399
0.004690		390.765841
0.004695		390.719352
0.004700		390.672933
0.004705		390.626583
0.004710		390.580302
0.004715		390.534090
0.004720		390.487947
0.004725		390.441873
0.004730		390.395867
0.004735		390.349930
0.004740		390.304061
0.004745		390.258260
0.004750		390.212528
0.004755		390.166864
0.004760		390.121267
0.004765		390.075739
0.004770		390.030278
0.004775		389.984885
0.004780		389.939559
0.004785		389.894301
0.004790		389.849110
0.004795		389.803986
0.004800		389.758929
0.004805		389.713939
0.004810		389.669015
0.004815		389.624146
0.004820		389.579330
0.004825		389.534565
0.004830		389.489853
0.004835		389.445194
0.004840		389.400587
0.004845		389.356033
0.004850		389.311532
0.004855		389.267084
0.004860		389.222688
0.004865		389.178346
0.004870		389.134058
0.004875		389.089822
0.004880		389.045640
0.004885		389.001511
0.004890		388.957436
0.004895		388.913414
0.004900		388.869446
0.004905		388.825531
0.004910		388.781670
0.004915		388.737863
0.004920		388.694110
0.004925		388.650410
0.004930		388.606764
0.004935		388.563172
0.004940		388.519634
0.004945		388.476150
0.004950		388.432720
0.004955		388.389343
0.004960		388.346021
0.004965		388.302752
0.004970		388.259537
0.004975		388.216376
0.004980		388.173269
0.004985		388.130216
0.004990		388.087217
0.004995		388.044272
0.005000		388.001381
